1.035
1.601
1.728
3.080
0.293
1.214
0.823
0.498
0.389
3.331
1.965
0.644
2.082
0.901
0.718
0.930
3.854
2.983
1.373
1.368
0.529
3.651
5.426
1.283
2.441
1.932
4.333
1.208
4.941
2.338
2.402
5.983
2.559
3.670
1.948
5.655
2.512
2.532
4.023
2.932
0.360
4.969
2.102
1.120
1.002
2.978
0.275
0.619
14.351
3.084
0.899
1.538
0.755
1.085
2.050
2.878
0.781
0.846
0.631
1.997
3.453
2.666
1.649
1.378
1.548
1.360
5.521
3.432
2.820
4.450
2.173
1.790
1.983
2.118
2.147
3.365
2.280
4.026
4.507
1.892
3.206
4.711
2.868
2.528
1.659
2.446
0.796
1.073
0.569
1.322
0.648
0.586
0.911
1.776
0.663
1.180
1.792
0.839
1.049
0.584
1.434
1.025
1.224
0.985
0.841
1.034
1.331
0.767
0.497
1.083
1.113
1.146
0.672
1.413
1.556
0.801
0.684
0.637
0.548
0.530
0.955
1.016
0.773
1.001
0.990
0.851
0.973
1.399
0.489
2.714
0.832
2.491
1.644
3.976
2.492
1.839
2.509
1.790
2.817
2.838
2.822
3.369
2.642
2.081
2.918
2.202
2.064
3.444
1.928
2.288
2.533
1.999
2.388
2.719
2.794
2.862
3.122
2.153
4.389
3.231
3.820
2.536
1.747
1.989
2.168
2.807
3.193
2.410
10.031
4.322
2.263
3.611
2.132
2.111
1.490
3.191
2.614
4.080
2.282
2.840
3.883
2.764
1.882
1.253
2.950
3.320
0.693
1.554
0.801
1.239
2.724
1.966
2.178
1.717
3.051
3.316
0.647
0.934
0.492
0.328
0.749
0.568
0.409
1.626
0.733
0.860
0.764
0.421
0.803
1.941
0.829
0.481
0.856
0.939
0.990
2.246
1.804
0.835
0.960
0.682
0.831
0.524
0.834
0.427
0.834
0.578
0.904
1.283
1.025
0.336
1.098
0.436
2.597
0.471
0.770
0.593
0.550
0.815
0.648
0.898
0.929
1.449
0.704
0.669
0.601
1.929
2.014
0.599
3.843
1.156
0.781
0.546
2.418
0.899
2.428
0.668
0.913
1.512
0.685
0.563
0.789
0.689
0.807
0.900
0.607
5.226
0.831
2.033
1.374
0.951
1.108
2.341
1.197
1.290
1.018
0.922
0.956
1.049
1.123
1.191
1.542
1.154
2.668
1.719
1.291
1.336
1.440
1.153
1.257
0.973
1.089
0.794
0.773
0.986
1.380
0.900
1.407
3.401
1.086
0.871
